20.5292408564 6.51508163449
81.2857893747 64.10051665
74.0310410932 84.4866085891
10.5428920298 96.8253528841
74.5489467078 87.4940441953
35.2502072357 0.265459952213
14.5939031122 8.47612491398
47.3316811051 39.2473975013
27.9248371059 23.0987722737
0.775323343568 47.4862566463
16.0459782137 42.0415171714
87.2379406055 58.5742464279
66.9255371962 81.5974436303
78.7464995654 20.5515773503
93.0398182455 64.5544188587
32.4471926066 95.1448296883
32.1361433775 27.7798877612
37.6832176728 52.4396051844
79.618830474 72.5467704193
6.73664374065 15.6091267088